3 0.5493987650308741 0.09375 0.15942374878128043 0.1213235294117647
3 0.5150613422164446 0.24448529411764708 0.2256459213519662 0.16176470588235298
3 0.5395880727981802 0.6654411764705881 0.2894154208644786 0.5367647058823529
3 0.7707525085310365 0.45220588235294107 0.14838672001949946 0.6066176470588234
3 0.38506967013324667 0.37867647058823534 0.2035718638284043 0.08088235294117645
3 0.07296702348066299 0.255514705882353 0.09688058579785506 0.2720588235294118
3 0.06070365818979525 0.6930147058823529 0.10423860497237568 0.13235294117647065
3 0.272859877721807 0.10018382352941177 0.040469105459863534 0.042279411764705885
3 0.6855221197595059 0.1452205882352941 0.029432076698082597 0.036764705882352935
3 0.8676330943288917 0.0698529411764706 0.020847720994475055 0.06250000000000001
