3 0.7369614512471655 0.8468159318197379 0.30158730158730157 0.26783952183596954
3 0.7925170068027211 0.6252945227824699 0.12018140589569157 0.12284369046612134
3 0.7063492063492063 0.4088076912233218 0.09070294784580483 0.1490234933523439
3 0.6252834467120182 0.2557565358884821 0.06689342403628118 0.07249791568492402
3 0.5719954648526077 0.3937039587889626 0.16893424036281174 0.1429820003786002
3 0.47845804988662133 0.5628657620537854 0.09297052154195015 0.3483927614858851
3 0.35204081632653056 0.42894600113580067 0.053287981859410465 0.08055323964991565
3 0.3849206349206348 0.3383236065296453 0.06462585034013595 0.08860856361490707
3 0.4467120181405896 0.26683260634034545 0.07029478458049887 0.07048408469367615
3 0.3469387755102041 0.588038649444384 0.052154195011337875 0.08458090163241139
3 0.29081632653061223 0.5739418325056488 0.053287981859410395 0.06444259171993252
3 0.23866213151927443 0.6333498467474616 0.06235827664399094 0.06645642271118055
3 0.6740362811791383 0.1621133947954552 0.07142857142857154 0.07853940865866775
